0000000100000000
0000001010000000
0000000100000000
0001111111110000
0000000100000000
0000000100000000
0000001010000000
0000010001000000
0000100000100000
0000000000000000
0000000000000000
0000000000000000
0000000000000000
0000000000000000
0000000000000000
0000000000000000

0000000100000000
0000001010000000
0000000100000000
0000001110000000
0000010101000000
0000100100100000
0000001010000000
0000010001000000
0000100000100000
0000000000000000
0000000000000000
0000000000000000
0000000000000000
0000000000000000
0000000000000000
0000000000000000